0;B0;2.45;0;2.45
0;B1;2.27;0;2.27
0;B2;2.56;0;2.56
0;B3;2.54;0;2.54
0;B4;2.53;0;2.53
0;B5;2.54;0;2.54
watts;;112.3;;
amps;;9.66;;

0;B0;2.26;0;2.26
0;B1;2;0;2
0;B2;2.44;0;2.44
0;B3;2.36;0;2.36
0;B4;2.31;0;2.31
0;B5;2.35;0;2.35
watts;;383.82;;
amps;;9.96;;

0;B0;2.22;0;2.22
0;B1;1.81;0;1.81
0;B2;2.39;0;2.39
0;B3;2.32;0;2.32
0;B4;2.24;0;2.24
0;B5;2.34;0;2.34
watts;;541.49;;
amps;;9.57;;

0;B0;2.17;0;2.17
0;B1;1.75;0;1.75
0;B2;2.38;0;2.38
0;B3;2.31;0;2.31
0;B4;2.22;0;2.22
0;B5;2.32;0;2.32
watts;;544.23;;
amps;;10.13;;

